Total Number
1 42
2 35
3 36
4 38
5 38
6 27
7 33
8 33
9 34
10 34
11 38
12 42
13 35
14 24
15 43
16 40
17 33
18 27
19 32
20 34
21 33
22 32
23 36
24 23
25 28
26 39
27 37
28 34
29 31
30 30
31 35
32 21
33 27
34 33
35 33
36 32
37 29
38 38
39 33
40 25
41 36
42 20
43 16
44 35
45 43
46 41
47 27
48 21
49 33
50 34
51 23
52 28
53 20
54 21
55 28
56 32
57 36
58 21
59 24
60 36
61 26
62 24
63 21
64 21
65 20
66 16
67 29
68 30
69 22
70 30
71 19
72 20
73 15
74 21
75 21
76 12
77 15
78 26
79 32
80 18
81 13
82 13
83 8
84 11
85 16
86 24
87 13
88 14
89 16
90 16
91 18
92 12
93 13
94 5
95 7
96 14
97 9
98 9
99 10
100 15
101 18
102 9
103 7
104 11
105 13
106 8
107 7
108 5
109 9
110 12
111 10
112 8
113 4
114 5
115 12
116 6
117 4
118 9
119 11
120 13
121 10
122 7
123 7
124 6
125 7
126 2
127 2
128 5
129 6
130 8
131 1
132 5
133 11
134 10
135 4
136 6
137 3
138 2
139 7
140 6
141 7
142 3
143 4
144 7
145 4
146 5
147 3
148 3
149 3
150 4
151 3
152 1
153 1
154 0
155 0
156 1
157 3
158 1
159 2
160 1
161 2
162 4
163 3
164 1
165 0
166 1
167 1
168 0
169 1
170 2
171 0
172 2
173 4
174 3
175 1
176 1
177 1
178 0
179 3
180 6
181 2
182 0
183 2
184 4
185 4
186 2
187 2
188 3
189 1
190 3
191 8
192 5
193 2
194 3
195 3
196 3
197 1
198 2
199 4
200 2
201 3
202 3
203 3
204 6
205 4
206 3
207 3
208 3
209 2
210 2
211 3
212 5
213 4
214 3
215 3
216 1
217 5
218 4
219 3
220 3
221 2
222 3
223 2
224 1
225 2
226 3
227 2
228 1
229 2
230 3
231 1
232 0
233 3
234 2
235 2
236 4
237 2
238 2
239 1
240 1
241 1
242 1
243 1
244 1
245 2
246 0
247 0
248 0
249 0
250 0
251 1
252 1
253 0
254 0
255 0
256 0
257 0
258 0
259 2
260 0
261 0
262 0
263 0
264 0
265 0
266 1
267 0
268 0
269 2
270 1
271 2
272 2
273 2
274 1
275 0
276 0
277 1
278 1
279 0
280 3
281 2
282 1
283 2
284 4
285 2
286 1
287 1
288 3
289 2
290 1
291 1
292 2
293 2
294 2
295 0
296 1
297 3
298 3
299 2
300 0
301 0
302 1
303 1
304 0
305 1
306 2
307 2
308 1
309 4
310 0
311 0
312 3
313 4
314 4
315 2
316 2
317 4
318 2
319 1
320 2
321 2
322 2
323 4
324 4
325 3
326 2
327 5
328 3
329 0
330 3
331 6
332 6
333 4
334 2
335 4
336 3
337 2
338 4
339 2
340 2
341 4
342 6
343 5
344 1
345 1
346 6
347 3
348 1
349 4
350 3
351 4
352 4
353 6
354 4
355 2
356 4
357 3
358 0
359 1
360 3
361 3
362 0
363 0
364 3
365 4
366 0
367 2
368 1
369 2
370 2
371 3
372 2
373 1
374 1
375 2
376 0
377 0
378 0
379 2
380 1
381 0
382 0
383 2
384 1
385 0
386 3
387 2
388 1
389 2
390 3
391 2
392 0
393 0
394 0
395 0
396 0
397 0
398 0
399 0
400 0
401 0
402 0
403 0
404 1
405 0
406 1
407 1
408 1
409 1
410 1
411 0
412 0
413 0
414 0
415 0
416 0
417 0
418 0
419 0
420 0
421 0
422 0
423 0
424 2
425 1
426 0
427 2
428 2
429 0
430 0
431 0
432 0
433 0
434 0
435 0
436 0
437 1
438 1
439 0
440 1
441 2
442 1
443 0
444 0
445 0
446 0
447 1
448 1
449 1
450 0
451 1
452 1
453 1
454 0
455 0
456 0
457 0
458 0
459 0
460 1
461 1
462 0
463 0
464 1
465 3
466 2
467 0
468 0
469 1
470 2
471 0
472 1
473 2
474 2
475 1
476 2
477 3
478 2
479 0
480 5
481 0
482 2
483 3
484 6
485 6
486 1
487 0
488 3
489 4
490 2
491 1
492 4
493 3
494 3
495 5
496 7
497 4
498 2
499 4
500 2
